==========================================
SLURM_JOB_ID = 100681
SLURM_NODELIST = gpu12
==========================================
x: 0 - 1.000000 
x: 1 - 2.000000 
x: 2 - 3.000000 
x: 3 - 4.000000 
x: 4 - 5.000000 
